1
100
31 91
31 42
28 39
2 69
69 92
15 84
32 97
32 92
15 24
77 86
83 87
6 11
7 64
29 38
64 79
80 83
25 62
11 88
63 82
37 86
8 88
5 36
2 75
17 72
45 92
47 66
31 76
37 55
29 46
66 75
31 54
72 82
9 27
51 54
63 95
48 60
56 86
62 64
16 99
22 80
13 77
12 70
24 97
14 18
12 67
6 76
7 72
20 41
37 90
59 74
50 76
56 58
77 84
16 79
48 70
15 33
46 47
29 78
23 63
8 100
65 83
61 99
15 85
2 6
18 80
52 81
72 86
3 42
13 52
7 49
19 73
5 17
10 35
13 21
25 98
44 53
44 83
45 96
5 87
19 41
36 71
30 91
72 93
4 53
1 36
43 76
8 19
10 99
40 54
57 61
9 80
21 89
21 94
22 70
74 84
26 55
68 69
28 61
34 76