0 0
1 0
2 0
3 0
4 0
5 0
6 0
7 0
8 0
9 0
10 2
11 2
12 3
13 5
14 8
15 12
16 17
17 23
18 30
19 38
20 42
21 43
22 43
23 44
24 46
25 49
26 53
27 58
28 64
29 71
30 77
31 79
32 80
33 80
34 81
35 83
36 86
37 90
38 95
39 101
40 109
41 112
42 114
43 115
44 115
45 116
46 118
47 121
48 125
49 130
50 140
51 144
52 147
53 149
54 150
55 150
56 151
57 153
58 156
59 160
60 172
61 177
62 181
63 184
64 186
65 187
66 187
67 188
68 190
69 193
70 207
71 213
72 218
73 222
74 225
75 227
76 228
77 228
78 229
79 231
80 247
81 254
82 260
83 265
84 269
85 272
86 274
87 275
88 275
89 276
90 294
91 302
92 309
93 315
94 320
95 324
96 327
97 329
98 330
99 330
100 332
101 336
102 342
103 350
104 360
105 372
106 386
107 402
108 420
109 440
110 442
111 442
112 443
113 445
114 448
115 452
116 457
117 463
118 470
119 478
120 484
121 486
122 487
123 489
124 492
125 496
126 501
127 507
128 514
129 522
130 532
131 536
132 539
133 541
134 544
135 548
136 553
137 559
138 566
139 574
140 588
141 594
142 599
143 603
144 606
145 610
146 615
147 621
148 628
149 636
150 654
151 662
152 669
153 675
154 680
155 684
156 689
157 695
158 702
159 710
160 732
161 742
162 751
163 759
164 766
165 772
166 777
167 783
168 790
169 798
170 824
171 836
172 847
173 857
174 866
175 874
176 881
177 887
178 894
179 902
180 932
181 946
182 959
183 971
184 982
185 992
186 1001
187 1009
188 1016
189 1024
190 1058
191 1074
192 1089
193 1103
194 1116
195 1128
196 1139
197 1149
198 1158
199 1166
200 1170
201 1176
202 1184
203 1194
204 1206
205 1220
206 1236
207 1254
208 1274
209 1296
210 1300
211 1301
212 1303
213 1306
214 1310
215 1315
216 1321
217 1328
218 1336
219 1345
220 1349
221 1350
222 1350
223 1351
224 1353
225 1356
226 1360
227 1365
228 1371
229 1378
230 1386
231 1389
232 1391
233 1392
234 1394
235 1397
236 1401
237 1406
238 1412
239 1419
240 1431
241 1436
242 1440
243 1443
244 1445
245 1448
246 1452
247 1457
248 1463
249 1470
250 1486
251 1493
252 1499
253 1504
254 1508
255 1511
256 1515
257 1520
258 1526
259 1533
260 1553
261 1562
262 1570
263 1577
264 1583
265 1588
266 1592
267 1597
268 1603
269 1610
270 1634
271 1645
272 1655
273 1664
274 1672
275 1679
276 1685
277 1690
278 1696
279 1703
280 1731
281 1744
282 1756
283 1767
284 1777
285 1786
286 1794
287 1801
288 1807
289 1814
290 1846
291 1861
292 1875
293 1888
294 1900
295 1911
296 1921
297 1930
298 1938
299 1945
300 1951
301 1959
302 1969
303 1981
304 1995
305 2011
306 2029
307 2049
308 2071
309 2095
310 2101
311 2103
312 2106
313 2110
314 2115
315 2121
316 2128
317 2136
318 2145
319 2155
320 2161
321 2163
322 2164
323 2166
324 2169
325 2173
326 2178
327 2184
328 2191
329 2199
330 2205
331 2207
332 2208
333 2208
334 2209
335 2211
336 2214
337 2218
338 2223
339 2229
340 2239
341 2243
342 2246
343 2248
344 2249
345 2251
346 2254
347 2258
348 2263
349 2269
350 2283
351 2289
352 2294
353 2298
354 2301
355 2303
356 2306
357 2310
358 2315
359 2321
360 2339
361 2347
362 2354
363 2360
364 2365
365 2369
366 2372
367 2376
368 2381
369 2387
370 2409
371 2419
372 2428
373 2436
374 2443
375 2449
376 2454
377 2458
378 2463
379 2469
380 2495
381 2507
382 2518
383 2528
384 2537
385 2545
386 2552
387 2558
388 2563
389 2569
390 2599
391 2613
392 2626
393 2638
394 2649
395 2659
396 2668
397 2676
398 2683
399 2689
400 2697
401 2707
402 2719
403 2733
404 2749
405 2767
406 2787
407 2809
408 2833
409 2859
410 2867
411 2870
412 2874
413 2879
414 2885
415 2892
416 2900
417 2909
418 2919
419 2930
420 2938
421 2941
422 2943
423 2946
424 2950
425 2955
426 2961
427 2968
428 2976
429 2985
430 2993
431 2996
432 2998
433 2999
434 3001
435 3004
436 3008
437 3013
438 3019
439 3026
440 3034
441 3037
442 3039
443 3040
444 3040
445 3041
446 3043
447 3046
448 3050
449 3055
450 3067
451 3072
452 3076
453 3079
454 3081
455 3082
456 3084
457 3087
458 3091
459 3096
460 3112
461 3119
462 3125
463 3130
464 3134
465 3137
466 3139
467 3142
468 3146
469 3151
470 3171
471 3180
472 3188
473 3195
474 3201
475 3206
476 3210
477 3213
478 3217
479 3222
480 3246
481 3257
482 3267
483 3276
484 3284
485 3291
486 3297
487 3302
488 3306
489 3311
490 3339
491 3352
492 3364
493 3375
494 3385
495 3394
496 3402
497 3409
498 3415
499 3420
500 3430
501 3442
502 3456
503 3472
504 3490
505 3510
506 3532
507 3556
508 3582
509 3610
510 3620
511 3624
512 3629
513 3635
514 3642
515 3650
516 3659
517 3669
518 3680
519 3692
520 3702
521 3706
522 3709
523 3713
524 3718
525 3724
526 3731
527 3739
528 3748
529 3758
530 3768
531 3772
532 3775
533 3777
534 3780
535 3784
536 3789
537 3795
538 3802
539 3810
540 3820
541 3824
542 3827
543 3829
544 3830
545 3832
546 3835
547 3839
548 3844
549 3850
550 3860
551 3864
552 3867
553 3869
554 3870
555 3870
556 3871
557 3873
558 3876
559 3880
560 3894
561 3900
562 3905
563 3909
564 3912
565 3914
566 3915
567 3917
568 3920
569 3924
570 3942
571 3950
572 3957
573 3963
574 3968
575 3972
576 3975
577 3977
578 3980
579 3984
580 4006
581 4016
582 4025
583 4033
584 4040
585 4046
586 4051
587 4055
588 4058
589 4062
590 4088
591 4100
592 4111
593 4121
594 4130
595 4138
596 4145
597 4151
598 4156
599 4160
600 4172
601 4186
602 4202
603 4220
604 4240
605 4262
606 4286
607 4312
608 4340
609 4370
610 4382
611 4387
612 4393
613 4400
614 4408
615 4417
616 4427
617 4438
618 4450
619 4463
620 4475
621 4480
622 4484
623 4489
624 4495
625 4502
626 4510
627 4519
628 4529
629 4540
630 4552
631 4557
632 4561
633 4564
634 4568
635 4573
636 4579
637 4586
638 4594
639 4603
640 4615
641 4620
642 4624
643 4627
644 4629
645 4632
646 4636
647 4641
648 4647
649 4654
650 4666
651 4671
652 4675
653 4678
654 4680
655 4681
656 4683
657 4686
658 4690
659 4695
660 4707
661 4712
662 4716
663 4719
664 4721
665 4722
666 4722
667 4723
668 4725
669 4728
670 4744
671 4751
672 4757
673 4762
674 4766
675 4769
676 4771
677 4772
678 4774
679 4777
680 4797
681 4806
682 4814
683 4821
684 4827
685 4832
686 4836
687 4839
688 4841
689 4844
690 4868
691 4879
692 4889
693 4898
694 4906
695 4913
696 4919
697 4924
698 4928
699 4931
700 4945
701 4961
702 4979
703 4999
704 5021
705 5045
706 5071
707 5099
708 5129
709 5161
710 5175
711 5181
712 5188
713 5196
714 5205
715 5215
716 5226
717 5238
718 5251
719 5265
720 5279
721 5285
722 5290
723 5296
724 5303
725 5311
726 5320
727 5330
728 5341
729 5353
730 5367
731 5373
732 5378
733 5382
734 5387
735 5393
736 5400
737 5408
738 5417
739 5427
740 5441
741 5447
742 5452
743 5456
744 5459
745 5463
746 5468
747 5474
748 5481
749 5489
750 5503
751 5509
752 5514
753 5518
754 5521
755 5523
756 5526
757 5530
758 5535
759 5541
760 5555
761 5561
762 5566
763 5570
764 5573
765 5575
766 5576
767 5578
768 5581
769 5585
770 5599
771 5605
772 5610
773 5614
774 5617
775 5619
776 5620
777 5620
778 5621
779 5623
780 5641
781 5649
782 5656
783 5662
784 5667
785 5671
786 5674
787 5676
788 5677
789 5679
790 5701
791 5711
792 5720
793 5728
794 5735
795 5741
796 5746
797 5750
798 5753
799 5755
800 5771
801 5789
802 5809
803 5831
804 5855
805 5881
806 5909
807 5939
808 5971
809 6005
810 6021
811 6028
812 6036
813 6045
814 6055
815 6066
816 6078
817 6091
818 6105
819 6120
820 6136
821 6143
822 6149
823 6156
824 6164
825 6173
826 6183
827 6194
828 6206
829 6219
830 6235
831 6242
832 6248
833 6253
834 6259
835 6266
836 6274
837 6283
838 6293
839 6304
840 6320
841 6327
842 6333
843 6338
844 6342
845 6347
846 6353
847 6360
848 6368
849 6377
850 6393
851 6400
852 6406
853 6411
854 6415
855 6418
856 6422
857 6427
858 6433
859 6440
860 6456
861 6463
862 6469
863 6474
864 6478
865 6481
866 6483
867 6486
868 6490
869 6495
870 6511
871 6518
872 6524
873 6529
874 6533
875 6536
876 6538
877 6539
878 6541
879 6544
880 6560
881 6567
882 6573
883 6578
884 6582
885 6585
886 6587
887 6588
888 6588
889 6589
890 6609
891 6618
892 6626
893 6633
894 6639
895 6644
896 6648
897 6651
898 6653
899 6654
900 6672
901 6692
902 6714
903 6738
904 6764
905 6792
906 6822
907 6854
908 6888
909 6924
910 6942
911 6950
912 6959
913 6969
914 6980
915 6992
916 7005
917 7019
918 7034
919 7050
920 7068
921 7076
922 7083
923 7091
924 7100
925 7110
926 7121
927 7133
928 7146
929 7160
930 7178
931 7186
932 7193
933 7199
934 7206
935 7214
936 7223
937 7233
938 7244
939 7256
940 7274
941 7282
942 7289
943 7295
944 7300
945 7306
946 7313
947 7321
948 7330
949 7340
950 7358
951 7366
952 7373
953 7379
954 7384
955 7388
956 7393
957 7399
958 7406
959 7414
960 7432
961 7440
962 7447
963 7453
964 7458
965 7462
966 7465
967 7469
968 7474
969 7480
970 7498
971 7506
972 7513
973 7519
974 7524
975 7528
976 7531
977 7533
978 7536
979 7540
980 7558
981 7566
982 7573
983 7579
984 7584
985 7588
986 7591
987 7593
988 7594
989 7596
990 7614
991 7622
992 7629
993 7635
994 7640
995 7644
996 7647
997 7649
998 7650
999 7650
1000 7652
